##BLOCKS= 1          
Plate:	Plate#1	1.3	PlateFormat	Kinetic	Absorbance	Raw	FALSE	19	180	10				1	405	5	1	96	1	8	None	
Time(hh:mm:ss)	Temperature(¡C)	1	2	3	4	5	6	7	8	9	10	11	12		
0:00	22.50					0.131									
						0.091									
						0.074									
						0.06									
						0.057									
						0.05									
						0.05									
						0.048									
		
0:10	22.50					0.132									
						0.093									
						0.076									
						0.062									
						0.06									
						0.051									
						0.05									
						0.049									
		
0:20	22.50					0.133									
						0.095									
						0.077									
						0.063									
						0.061									
						0.052									
						0.051									
						0.049									
		
0:30	22.50					0.134									
						0.097									
						0.078									
						0.064									
						0.062									
						0.053									
						0.052									
						0.05									
		
0:40	22.50					0.134									
						0.098									
						0.079									
						0.066									
						0.062									
						0.054									
						0.053									
						0.05									
		
0:50	22.50					0.135									
						0.099									
						0.08									
						0.067									
						0.063									
						0.055									
						0.053									
						0.051									
		
1:00	22.50					0.137									
						0.101									
						0.082									
						0.068									
						0.065									
						0.056									
						0.054									
						0.051									
		
1:10	22.50					0.137									
						0.102									
						0.083									
						0.069									
						0.065									
						0.057									
						0.055									
						0.052									
		
1:20	22.50					0.137									
						0.103									
						0.084									
						0.071									
						0.068									
						0.058									
						0.056									
						0.053									
		
1:30	22.50					0.139									
						0.104									
						0.085									
						0.072									
						0.066									
						0.059									
						0.057									
						0.053									
		
1:40	22.50					0.139									
						0.105									
						0.085									
						0.073									
						0.068									
						0.059									
						0.057									
						0.054									
		
1:50	22.50					0.141									
						0.106									
						0.087									
						0.074									
						0.07									
						0.06									
						0.058									
						0.054									
		
2:00	22.50					0.142									
						0.107									
						0.089									
						0.076									
						0.071									
						0.061									
						0.059									
						0.055									
		
2:10	22.50					0.143									
						0.108									
						0.089									
						0.077									
						0.071									
						0.062									
						0.06									
						0.055									
		
2:20	22.50					0.144									
						0.109									
						0.09									
						0.078									
						0.072									
						0.063									
						0.06									
						0.056									
		
2:30	22.50					0.145									
						0.11									
						0.091									
						0.08									
						0.072									
						0.064									
						0.061									
						0.057									
		
2:40	22.60					0.146									
						0.111									
						0.092									
						0.081									
						0.073									
						0.065									
						0.062									
						0.057									
		
2:50	22.60					0.147									
						0.112									
						0.093									
						0.082									
						0.075									
						0.066									
						0.062									
						0.058									
		
3:00	22.60					0.148									
						0.113									
						0.094									
						0.083									
						0.075									
						0.067									
						0.063									
						0.059									
		
~End
Instrument type: Instrument serial number:
