##BLOCKS= 1          
Plate:	Plate#1	1.3	PlateFormat	Kinetic	Absorbance	Raw	FALSE	19	180	10				1	405	4	1	96	1	8	None	
Time(hh:mm:ss)	Temperature(¡C)	1	2	3	4	5	6	7	8	9	10	11	12		
0:00	22.30				0.137										
					0.092										
					0.074										
					0.059										
					0.061										
					0.049										
					0.05										
					0.049										
		
0:10	22.30				0.137										
					0.093										
					0.075										
					0.06										
					0.062										
					0.051										
					0.051										
					0.049										
		
0:20	22.30				0.137										
					0.095										
					0.076										
					0.062										
					0.063										
					0.052										
					0.052										
					0.05										
		
0:30	22.30				0.138										
					0.096										
					0.078										
					0.063										
					0.064										
					0.053										
					0.053										
					0.051										
		
0:40	22.30				0.14										
					0.1										
					0.079										
					0.064										
					0.066										
					0.054										
					0.054										
					0.052										
		
0:50	22.30				0.142										
					0.099										
					0.08										
					0.066										
					0.067										
					0.055										
					0.055										
					0.053										
		
1:00	22.30				0.143										
					0.101										
					0.081										
					0.067										
					0.068										
					0.056										
					0.056										
					0.053										
		
1:10	22.30				0.145										
					0.103										
					0.083										
					0.068										
					0.069										
					0.058										
					0.057										
					0.054										
		
1:20	22.30				0.147										
					0.105										
					0.084										
					0.07										
					0.07										
					0.059										
					0.058										
					0.055										
		
1:30	22.30				0.148										
					0.106										
					0.085										
					0.072										
					0.072										
					0.059										
					0.059										
					0.056										
		
1:40	22.30				0.149										
					0.107										
					0.087										
					0.073										
					0.073										
					0.061										
					0.06										
					0.057										
		
1:50	22.30				0.15										
					0.108										
					0.088										
					0.074										
					0.074										
					0.062										
					0.061										
					0.057										
		
2:00	22.30				0.152										
					0.11										
					0.089										
					0.076										
					0.075										
					0.063										
					0.062										
					0.058										
		
2:10	22.30				0.153										
					0.111										
					0.09										
					0.077										
					0.076										
					0.064										
					0.063										
					0.059										
		
2:20	22.30				0.154										
					0.112										
					0.092										
					0.079										
					0.077										
					0.065										
					0.064										
					0.06										
		
2:30	22.30				0.155										
					0.114										
					0.093										
					0.08										
					0.079										
					0.067										
					0.065										
					0.06										
		
2:40	22.30				0.156										
					0.115										
					0.095										
					0.081										
					0.08										
					0.067										
					0.066										
					0.061										
		
2:50	22.30				0.157										
					0.116										
					0.096										
					0.083										
					0.081										
					0.068										
					0.067										
					0.062										
		
3:00	22.30				0.158										
					0.117										
					0.097										
					0.084										
					0.082										
					0.07										
					0.068										
					0.062										
		
~End
Instrument type: Instrument serial number:
