##BLOCKS= 1          
Plate:	Plate#1	1.3	PlateFormat	Kinetic	Absorbance	Raw	FALSE	19	180	10				1	405	2	1	96	1	8	None	
Time(hh:mm:ss)	Temperature(¡C)	1	2	3	4	5	6	7	8	9	10	11	12		
0:00	21.80		0.049												
			0.122												
			0.071												
			0.058												
			0.054												
			0.049												
			0.05												
			0.047												
		
0:10	21.80		0.05												
			0.123												
			0.073												
			0.06												
			0.055												
			0.05												
			0.051												
			0.048												
		
0:20	21.80		0.05												
			0.125												
			0.075												
			0.061												
			0.056												
			0.051												
			0.052												
			0.049												
		
0:30	21.80		0.052												
			0.126												
			0.076												
			0.062												
			0.058												
			0.053												
			0.053												
			0.05												
		
0:40	21.80		0.052												
			0.128												
			0.077												
			0.064												
			0.059												
			0.054												
			0.054												
			0.051												
		
0:50	21.80		0.053												
			0.129												
			0.078												
			0.066												
			0.06												
			0.055												
			0.055												
			0.052												
		
1:00	21.80		0.054												
			0.13												
			0.08												
			0.067												
			0.061												
			0.056												
			0.056												
			0.053												
		
1:10	21.80		0.054												
			0.131												
			0.081												
			0.069												
			0.063												
			0.057												
			0.057												
			0.053												
		
1:20	21.80		0.055												
			0.133												
			0.082												
			0.07												
			0.063												
			0.059												
			0.058												
			0.054												
		
1:30	21.80		0.055												
			0.135												
			0.084												
			0.071												
			0.065												
			0.06												
			0.059												
			0.054												
		
1:40	21.80		0.056												
			0.136												
			0.084												
			0.073												
			0.066												
			0.061												
			0.06												
			0.055												
		
1:50	21.80		0.057												
			0.137												
			0.086												
			0.074												
			0.067												
			0.062												
			0.061												
			0.056												
		
2:00	21.80		0.057												
			0.139												
			0.087												
			0.076												
			0.068												
			0.063												
			0.062												
			0.057												
		
2:10	21.80		0.058												
			0.14												
			0.089												
			0.077												
			0.069												
			0.064												
			0.063												
			0.058												
		
2:20	21.80		0.058												
			0.141												
			0.09												
			0.078												
			0.071												
			0.066												
			0.064												
			0.059												
		
2:30	21.80		0.059												
			0.142												
			0.091												
			0.081												
			0.072												
			0.067												
			0.065												
			0.06												
		
2:40	21.80		0.06												
			0.144												
			0.092												
			0.081												
			0.073												
			0.068												
			0.066												
			0.06												
		
2:50	21.80		0.061												
			0.145												
			0.094												
			0.083												
			0.074												
			0.069												
			0.067												
			0.061												
		
3:00	21.80		0.062												
			0.147												
			0.095												
			0.084												
			0.076												
			0.07												
			0.068												
			0.062												
		
~End
Instrument type: Instrument serial number:
